0.000 3.230 3.185 3.067 3.297 3.168 3.567 3.701 3.217 3.454
3.230 0.000 3.114 2.852 3.013 3.398 3.453 3.608 3.381 3.527
3.185 3.114 0.000 3.091 2.989 3.198 3.485 3.292 3.172 3.257
3.067 2.852 3.091 0.000 2.953 2.841 3.311 3.366 3.231 3.343
3.297 3.013 2.989 2.953 0.000 2.984 3.335 3.286 3.358 3.147
3.168 3.398 3.198 2.841 2.984 0.000 3.562 3.605 3.553 3.249
3.567 3.453 3.485 3.311 3.335 3.562 0.000 3.641 3.580 3.404
3.701 3.608 3.292 3.366 3.286 3.605 3.641 0.000 3.417 3.383
3.217 3.381 3.172 3.231 3.358 3.553 3.580 3.417 0.000 3.602
3.454 3.527 3.257 3.343 3.147 3.249 3.404 3.383 3.602 0.000
