0.000 -0.015 -0.143 0.081 -0.374 0.077 -0.038 -0.378 0.120 -0.243
-0.015 0.000 0.254 0.457 0.236 -0.118 0.209 -0.099 0.202 0.043
-0.143 0.254 0.000 0.361 0.423 0.157 0.215 0.230 0.277 0.279
0.081 0.457 0.361 0.000 0.431 0.528 0.249 0.031 0.350 0.328
-0.374 0.236 0.423 0.431 0.000 0.237 0.122 0.110 0.015 0.183
0.077 -0.118 0.157 0.528 0.237 0.000 -0.022 0.005 -0.031 0.251
-0.038 0.209 0.215 0.249 0.122 -0.022 0.000 0.140 0.091 0.184
-0.378 -0.099 0.230 0.031 0.110 0.005 0.140 0.000 0.447 0.272
0.120 0.202 0.277 0.350 0.015 -0.031 0.091 0.447 0.000 -0.160
-0.243 0.043 0.279 0.328 0.183 0.251 0.184 0.272 -0.160 0.000
